python stat.py aa /home/yanbo/bio/Project/Guofei/reference/GRCh37_hg19/chr1.fa
('1', 249250621)
1 113456269 0.718690399145
2 29655782 0.187854985806
3 9828722 0.0622601835891
4 3221710 0.0204079692223
5 1109865 0.0070304561121
6 318519 0.0020176632747
7 121852 0.000771873280239
8 43930 0.000278275228974
9 24984 0.000158261514243
10 16346 0.000103543976617
11 10347 6.55432231775e-05
12 8185 5.18480024846e-05
13 7361 4.66283624055e-05
14 6462 4.0933633727e-05
15 5820 3.68668753159e-05
16 4908 3.10897979468e-05
17 3992 2.52873825191e-05
18 3183 2.01627601599e-05
19 2712 1.71792037554e-05
20 2332 1.4772088185e-05
21 2016 1.27703815527e-05
22 1959 1.24093142171e-05
23 1633 1.03442624383e-05
24 1421 9.00134533056e-06
25 1168 7.39871312181e-06
26 884 5.59971095863e-06
27 692 4.38348414409e-06
28 520 3.29394762272e-06
29 429 2.71750678875e-06
30 302 1.91302342704e-06
31 189 1.19722327057e-06
32 136 8.61493993635e-07
33 98 6.2078243659e-07
34 84 5.32099231363e-07
35 73 4.62419570113e-07
36 72 4.56085055454e-07
37 69 4.37081511477e-07
38 58 3.67401850227e-07
39 35 2.21708013068e-07
40 34 2.15373498409e-07
41 24 1.52028351818e-07
42 20 1.26690293182e-07
43 10 6.33451465908e-08
44 11 6.96796612499e-08
45 8 5.06761172727e-08
46 14 8.86832052272e-08
47 11 6.96796612499e-08
48 8 5.06761172727e-08
49 4 2.53380586363e-08
50 8 5.06761172727e-08
51 6 3.80070879545e-08
52 3 1.90035439773e-08
53 1 6.33451465908e-09
54 6 3.80070879545e-08
55 1 6.33451465908e-09
56 1 6.33451465908e-09
57 1 6.33451465908e-09
69 1 6.33451465908e-09
225280621
